88	8.991904371174822
89	9.349560849567071
190	8.571386528203744
110	7.751358894498925
111	6.809778201895766
112	9.868028123255849
113	7.590802651061087
114	8.396703204135301
115	6.842907931804541
116	7.991758332205682
90	7.908036178194753
117	7.51790235869278
91	9.758944910950355
118	9.560613804717145
92	8.628082366977273
119	9.675435633036747
93	7.542456769228396
94	10.620368592777062
95	6.417224988081133
96	8.667147474246478
97	7.771698666665308
10	10.183026961537026
98	7.705566324821166
11	10.834804327466637
99	10.76797020779633
12	7.435159892647279
13	9.72438508840899
14	8.087175365719173
15	10.557318696870276
16	10.091152303524147
17	9.618832787525776
18	8.522481864780021
19	7.2886200063783155
120	8.7848208759568
0	9.522568720829728
121	9.638892790582348
1	7.298455222546728
122	9.516213109044347
2	5.689083695414997
123	10.124056079281715
3	9.041935262958196
124	6.776842979904816
4	9.087565211424273
125	8.110763784510139
5	10.605140409972654
126	9.747527272154876
6	9.437832084518794
127	8.689714716911844
7	10.019850221554842
128	8.646860685989244
8	10.657723260980946
129	9.119382863032843
9	6.138889214469616
20	9.678722763883387
21	7.296097760031164
22	8.468421732232244
23	9.526557457336313
24	7.4657408145389965
25	9.02766789750792
26	10.391162233076397
27	9.294634321116874
28	6.958101790958021
29	8.302264002758236
130	8.63707903858139
131	9.353374186305352
132	10.102744577445844
133	9.382537157499888
134	8.448591835334787
135	9.76208293243873
136	8.657706444092847
137	8.570853601736681
138	8.323094586124249
139	10.69225016389946
30	7.650089508939802
31	9.648282558331228
32	11.123321933887631
33	9.7938125383064
34	5.683871031462133
35	7.272949444936032
36	9.108906414476701
37	9.303665071150888
38	10.715879510677986
39	9.268482389669153
140	8.484909410141928
141	6.62731800800458
142	8.536013873548574
143	9.561169009992835
144	10.247309436198213
145	9.828433433983049
146	8.306295087239185
147	7.906601026903922
148	9.75484126876831
149	5.6374569629660405
40	9.063000746319771
41	8.45758079894174
42	8.3429856822404
43	10.374999404115322
44	7.859334109336504
45	8.748876237017292
46	7.560321585901301
47	8.367331385050923
48	7.175312494900986
49	10.046185925977815
150	11.552388826985485
151	8.668710113580962
152	10.395868527385629
153	9.406329793175242
154	9.758374624064675
155	11.33207438173966
156	10.468915744218943
157	8.057873623832045
158	7.737989726520909
159	6.42954450727803
50	8.94522392287541
51	8.649735296681671
52	10.904980451177222
53	8.25086173047701
54	8.09278692523698
55	7.989977524028674
56	6.897451175124832
57	6.912724831570419
58	10.46867853361793
59	10.99945423151967
160	7.275823029098317
161	7.59808100887049
162	8.237012134711707
163	9.310032339519854
164	8.218243075582556
165	7.18870701721147
166	9.337178253006567
167	7.75794330812761
168	8.501089694730826
169	8.64288389800088
60	11.892002609325502
61	10.41555605734084
62	9.363988744156346
63	9.165470813657118
64	10.319838040229186
65	6.834354368368211
66	6.118611483011569
67	10.605900710341647
68	8.25586115142413
69	11.704992454177809
170	8.533023382987068
171	11.003029394119098
172	8.822716508052391
173	6.869223115484814
174	6.553076347959612
175	10.355970591131637
176	10.174530040543639
177	8.644838496300808
178	9.314879434995897
179	7.423420526698019
70	7.86941846991767
71	9.09252752628794
72	8.925794570966747
73	5.500438180640468
74	8.4377904560029
75	11.209068548100186
76	7.425093352859639
77	7.227144573695378
78	6.825000404745182
79	9.223933856025377
180	11.10171073281937
181	9.168229782979187
182	8.407738140189538
183	7.63096811230614
184	6.428425683779698
185	7.459075813718917
186	10.640290801484667
187	8.091055841526707
100	8.37174314647433
188	7.7053278278205015
101	7.424796815145769
189	7.683236661406884
102	8.649904216024618
103	8.506437955190245
104	10.403281747965439
105	7.90098937977929
106	9.711329531671423
80	10.417892025912112
107	8.317145075302697
81	9.087999741902117
108	4.557578717467226
82	9.421772075848807
109	8.988493466074639
83	8.511045541806842
84	7.383480520060222
85	10.303217515053916
86	8.653374020115825
87	7.814647723485409
