0	7.937622662319731	9.522568720829728
1	12.560222824514113	7.298455222546728
10	9.20734237450999	10.183026961537026
100	13.408747465437573	8.37174314647433
101	12.187535088048168	7.424796815145769
102	7.6433191296937855	8.649904216024618
103	6.269243587861959	8.506437955190245
104	7.929078487525944	10.403281747965439
105	11.52910326338763	7.90098937977929
106	8.383833336030353	9.711329531671423
107	11.18692148233214	8.317145075302697
108	7.96498204320414	4.557578717467226
109	6.271897458785039	8.988493466074639
11	7.700223411139037	10.834804327466637
110	5.930174924902872	7.751358894498925
111	9.959747492716913	6.809778201895766
112	9.639801009765861	9.868028123255849
113	10.387139726528705	7.590802651061087
114	6.48578353190795	8.396703204135301
115	9.259624043235494	6.842907931804541
116	11.212639752527718	7.991758332205682
117	6.110482206495981	7.51790235869278
118	8.630784341689198	9.560613804717145
119	8.110535779823264	9.675435633036747
12	9.377261305726401	7.435159892647279
120	6.572930687538572	8.7848208759568
121	7.210833073304459	9.638892790582348
122	6.750037654469882	9.516213109044347
123	7.298792756047171	10.124056079281715
124	8.56873588274944	6.776842979904816
125	9.323520742384062	8.110763784510139
126	7.149551925859938	9.747527272154876
127	7.705792040749253	8.689714716911844
128	10.747875631715353	8.646860685989244
129	7.912587133244577	9.119382863032843
13	7.345436334511756	9.72438508840899
130	7.622462960948803	8.63707903858139
131	9.290535038620211	9.353374186305352
132	8.110239095288414	10.102744577445844
133	6.032461702762572	9.382537157499888
134	10.79393862044918	8.448591835334787
135	8.478400204651528	9.76208293243873
136	8.360166122806033	8.657706444092847
137	11.888141785789255	8.570853601736681
138	11.406381871652673	8.323094586124249
139	9.913601661747851	10.69225016389946
14	10.103664172334911	8.087175365719173
140	6.954690228280979	8.484909410141928
141	9.159760645575835	6.62731800800458
142	6.028780696302263	8.536013873548574
143	6.227497622428917	9.561169009992835
144	6.3868293587455405	10.247309436198213
145	8.167325691746438	9.828433433983049
146	10.159342585556345	8.306295087239185
147	10.419966488141892	7.906601026903922
148	8.831542949865312	9.75484126876831
149	8.551998935714819	5.6374569629660405
15	8.49845644350477	10.557318696870276
150	9.205937329386545	11.552388826985485
151	7.352580449630417	8.668710113580962
152	7.507406215039699	10.395868527385629
153	6.614382396039227	9.406329793175242
154	7.366655050229364	9.758374624064675
155	9.418387145125935	11.33207438173966
156	7.368018928997597	10.468915744218943
157	6.499432398397766	8.057873623832045
158	10.884086616687302	7.737989726520909
159	7.808118169254782	6.42954450727803
16	8.620820760701452	10.091152303524147
160	8.755132350667298	7.275823029098317
161	7.771418699181326	7.59808100887049
162	5.951698227793636	8.237012134711707
163	8.175447016546114	9.310032339519854
164	10.805925229224455	8.218243075582556
165	7.409881107753059	7.18870701721147
166	7.418216162499279	9.337178253006567
167	6.937034682638285	7.75794330812761
168	7.2377229884688905	8.501089694730826
169	8.886798975470896	8.64288389800088
17	8.85467385409932	9.618832787525776
170	10.784001403090242	8.533023382987068
171	8.512379327720309	11.003029394119098
172	9.835222461036299	8.822716508052391
173	11.051532119838292	6.869223115484814
174	9.859791812799498	6.553076347959612
175	7.674918765794514	10.355970591131637
176	10.144178950965852	10.174530040543639
177	7.047175875603344	8.644838496300808
178	7.015830953641188	9.314879434995897
179	9.896876442213829	7.423420526698019
18	7.492255506241937	8.522481864780021
180	7.538476042179558	11.10171073281937
181	7.96659513190478	9.168229782979187
182	7.90987624133405	8.407738140189538
183	10.67689545530109	7.63096811230614
184	11.139622134091107	6.428425683779698
185	9.58365422338597	7.459075813718917
186	8.216758078507867	10.640290801484667
187	10.843179788268108	8.091055841526707
188	13.607959384043578	7.7053278278205015
189	8.97510629199381	7.683236661406884
19	10.157387059237623	7.2886200063783155
190	6.6931917784951604	8.571386528203744
2	7.237181074145151	5.689083695414997
20	8.999536976017305	9.678722763883387
21	9.41563764471884	7.296097760031164
22	7.36595381965938	8.468421732232244
23	8.477907113478217	9.526557457336313
24	6.950451712431274	7.4657408145389965
25	6.766226511079349	9.02766789750792
26	7.317053332723527	10.391162233076397
27	8.211696997040699	9.294634321116874
28	10.726075728229052	6.958101790958021
29	11.149941103848436	8.302264002758236
3	11.906878138461563	9.041935262958196
30	10.690581894035173	7.650089508939802
31	7.75035572889102	9.648282558331228
32	8.498866170150933	11.123321933887631
33	8.884225797092725	9.7938125383064
34	8.768317339947004	5.683871031462133
35	8.163577933351544	7.272949444936032
36	6.623327929839342	9.108906414476701
37	6.862084714955796	9.303665071150888
38	8.704337397350244	10.715879510677986
39	6.2357789974293665	9.268482389669153
4	8.772948185257045	9.087565211424273
40	8.667472876458039	9.063000746319771
41	10.724133372356064	8.45758079894174
42	10.305900483945674	8.3429856822404
43	9.383410618534713	10.374999404115322
44	11.968748598125687	7.859334109336504
45	7.514314273997817	8.748876237017292
46	10.075593109633136	7.560321585901301
47	11.970420319867232	8.367331385050923
48	9.617281401469475	7.175312494900986
49	7.006667576287849	10.046185925977815
5	7.176765264304276	10.605140409972654
50	11.191825342391232	8.94522392287541
51	6.9601716556251185	8.649735296681671
52	7.855061538969832	10.904980451177222
53	10.61563997884719	8.25086173047701
54	6.443887364005655	8.09278692523698
55	8.188398083391162	7.989977524028674
56	11.431893222506018	6.897451175124832
57	9.814163241611306	6.912724831570419
58	8.115337200619182	10.46867853361793
59	7.853970676883797	10.99945423151967
6	6.625150213772128	9.437832084518794
60	8.97376862717987	11.892002609325502
61	7.449494340405903	10.41555605734084
62	7.374753612262455	9.363988744156346
63	8.222634832946593	9.165470813657118
64	8.073578232966291	10.319838040229186
65	10.007777463596835	6.834354368368211
66	9.91862071198256	6.118611483011569
67	9.207938661644251	10.605900710341647
68	12.11633240200973	8.25586115142413
69	7.699011032592834	11.704992454177809
7	7.13951439837245	10.019850221554842
70	8.748606969820727	7.86941846991767
71	7.7861753569887275	9.09252752628794
72	9.084591840237564	8.925794570966747
73	7.103678134319499	5.500438180640468
74	7.042223230439288	8.4377904560029
75	8.545493160601715	11.209068548100186
76	11.145049737009776	7.425093352859639
77	10.343866570827874	7.227144573695378
78	9.806922136825865	6.825000404745182
79	7.596469938041135	9.223933856025377
8	9.200079122818185	10.657723260980946
80	8.847234616442066	10.417892025912112
81	11.608309440997656	9.087999741902117
82	8.847579104722966	9.421772075848807
83	11.828448602395653	8.511045541806842
84	9.861984195048741	7.383480520060222
85	7.651070063716535	10.303217515053916
86	10.363141986062077	8.653374020115825
87	5.839145447848628	7.814647723485409
88	6.973735151652191	8.991904371174822
89	8.44208812520073	9.349560849567071
9	11.434888615294954	6.138889214469616
90	12.421455510628295	7.908036178194753
91	7.6562374140325	9.758944910950355
92	7.181728253664542	8.628082366977273
93	10.862159635798303	7.542456769228396
94	7.768219659750712	10.620368592777062
95	10.473725310009916	6.417224988081133
96	7.265328817093268	8.667147474246478
97	6.3463172712880835	7.771698666665308
98	9.151836323682966	7.705566324821166
99	8.301372113953517	10.76797020779633
