88	6.973735151652191
89	8.44208812520073
190	6.6931917784951604
110	5.930174924902872
111	9.959747492716913
112	9.639801009765861
113	10.387139726528705
114	6.48578353190795
115	9.259624043235494
116	11.212639752527718
90	12.421455510628295
117	6.110482206495981
91	7.6562374140325
118	8.630784341689198
92	7.181728253664542
119	8.110535779823264
93	10.862159635798303
94	7.768219659750712
95	10.473725310009916
96	7.265328817093268
97	6.3463172712880835
10	9.20734237450999
98	9.151836323682966
11	7.700223411139037
99	8.301372113953517
12	9.377261305726401
13	7.345436334511756
14	10.103664172334911
15	8.49845644350477
16	8.620820760701452
17	8.85467385409932
18	7.492255506241937
19	10.157387059237623
120	6.572930687538572
0	7.937622662319731
121	7.210833073304459
1	12.560222824514113
122	6.750037654469882
2	7.237181074145151
123	7.298792756047171
3	11.906878138461563
124	8.56873588274944
4	8.772948185257045
125	9.323520742384062
5	7.176765264304276
126	7.149551925859938
6	6.625150213772128
127	7.705792040749253
7	7.13951439837245
128	10.747875631715353
8	9.200079122818185
129	7.912587133244577
9	11.434888615294954
20	8.999536976017305
21	9.41563764471884
22	7.36595381965938
23	8.477907113478217
24	6.950451712431274
25	6.766226511079349
26	7.317053332723527
27	8.211696997040699
28	10.726075728229052
29	11.149941103848436
130	7.622462960948803
131	9.290535038620211
132	8.110239095288414
133	6.032461702762572
134	10.79393862044918
135	8.478400204651528
136	8.360166122806033
137	11.888141785789255
138	11.406381871652673
139	9.913601661747851
30	10.690581894035173
31	7.75035572889102
32	8.498866170150933
33	8.884225797092725
34	8.768317339947004
35	8.163577933351544
36	6.623327929839342
37	6.862084714955796
38	8.704337397350244
39	6.2357789974293665
140	6.954690228280979
141	9.159760645575835
142	6.028780696302263
143	6.227497622428917
144	6.3868293587455405
145	8.167325691746438
146	10.159342585556345
147	10.419966488141892
148	8.831542949865312
149	8.551998935714819
40	8.667472876458039
41	10.724133372356064
42	10.305900483945674
43	9.383410618534713
44	11.968748598125687
45	7.514314273997817
46	10.075593109633136
47	11.970420319867232
48	9.617281401469475
49	7.006667576287849
150	9.205937329386545
151	7.352580449630417
152	7.507406215039699
153	6.614382396039227
154	7.366655050229364
155	9.418387145125935
156	7.368018928997597
157	6.499432398397766
158	10.884086616687302
159	7.808118169254782
50	11.191825342391232
51	6.9601716556251185
52	7.855061538969832
53	10.61563997884719
54	6.443887364005655
55	8.188398083391162
56	11.431893222506018
57	9.814163241611306
58	8.115337200619182
59	7.853970676883797
160	8.755132350667298
161	7.771418699181326
162	5.951698227793636
163	8.175447016546114
164	10.805925229224455
165	7.409881107753059
166	7.418216162499279
167	6.937034682638285
168	7.2377229884688905
169	8.886798975470896
60	8.97376862717987
61	7.449494340405903
62	7.374753612262455
63	8.222634832946593
64	8.073578232966291
65	10.007777463596835
66	9.91862071198256
67	9.207938661644251
68	12.11633240200973
69	7.699011032592834
170	10.784001403090242
171	8.512379327720309
172	9.835222461036299
173	11.051532119838292
174	9.859791812799498
175	7.674918765794514
176	10.144178950965852
177	7.047175875603344
178	7.015830953641188
179	9.896876442213829
70	8.748606969820727
71	7.7861753569887275
72	9.084591840237564
73	7.103678134319499
74	7.042223230439288
75	8.545493160601715
76	11.145049737009776
77	10.343866570827874
78	9.806922136825865
79	7.596469938041135
180	7.538476042179558
181	7.96659513190478
182	7.90987624133405
183	10.67689545530109
184	11.139622134091107
185	9.58365422338597
186	8.216758078507867
187	10.843179788268108
100	13.408747465437573
188	13.607959384043578
101	12.187535088048168
189	8.97510629199381
102	7.6433191296937855
103	6.269243587861959
104	7.929078487525944
105	11.52910326338763
106	8.383833336030353
80	8.847234616442066
107	11.18692148233214
81	11.608309440997656
108	7.96498204320414
82	8.847579104722966
109	6.271897458785039
83	11.828448602395653
84	9.861984195048741
85	7.651070063716535
86	10.363141986062077
87	5.839145447848628
